MaxSpeed: 255
MinSpeed: 200
Actual speed: 200
turn_tic: 685


Theta (what is sent that the robot should turn): 
-3.11461
-3.04233
-2.93513
-2.83069
-2.66843
-2.37657
-2.16794
-1.90354
-1.59477
-0.792915
0.327772
1.50011
2.2103
3.4166
3.88237
4.34792
5.00822
6.51276


Radians turned (how much the robot actually turned): 
3.15994
3.30211
2.88018
3.1049
2.39862
2.92604
1.96292
3.43511
1.33919
2.66003
0.692526
4.35237
0.637491
6.0768
1.45843
6.82436
4.17809
9.35598


Distance from point x to home: 
424.451
1282.35
2545.25
4162.81
6056.29
8205.37
10082.1
11564
12246
11683.4
9575.04
5736.3
729.86
4969.66
9952.37
13226.3
13753.4
10914.9



ICO information: 
Learning rate: 0.01


Predict: 
-3.11461
-3.25808
-2.82565
-3.05596
-2.39737
-2.87556
-1.91996
-3.38474
-1.28943
-2.60637
0.738086
4.38802
0.673842
6.10193
-1.421
6.86311
-4.13512
9.38869


Reflex: 
0.19667
-0.0981392
0.210457
-0.244577
0.478219
-0.215525
1.44178
-0.188113
1.82465
0.521467
2.84379
-1.04922
2.74293
-2.74019
1.82607
-3.36838
-1.00728
-5.50413


Prediction weight: 
-0.00612551
0.0034796
-0.00524026
0.0086654
-0.00866271
0.0112863
-0.0205332
0.0346344
0.0086813
0.0426469
0.0597876
-0.111038
-0.0854853
-0.420061
-0.484948
-0.841449
-0.939083
-1.36128


ICO output: 
0.215748
-0.109476
0.225264
-0.271058
0.498987
-0.247979
1.4812
-0.305341
1.81345
0.410314
2.88792
-1.53646
2.68532
-5.30338
2.51519
-9.14333
2.87593
-18.2847
