MaxSpeed: 255
MinSpeed: 200
Actual speed: 200
turn_tic: 685


Theta (what is sent that the robot should turn): 
-3.13924
-3.03155
-2.9173
-2.84056
-2.76821
-2.67837
-2.73491
-2.7195
-2.59034
-2.35587
-2.09947
-1.77547
-1.49005
-0.821696
-0.071349
0.775346
1.6935
2.39071


Radians turned (how much the robot actually turned): 
3.18746
3.30211
2.71507
3.29294
2.55455
3.04528
2.63252
3.49015
2.34358
3.20121
1.88954
3.02694
1.46761
2.738
0.513662
3.3388
1.71526
3.79743


Distance from point x to home: 
331.989
1175.78
2353.24
3900.15
5764.82
7826.33
10145.8
12842.6
15802.9
18839.8
21473.2
23320.7
23725.7
23011.2
21003.9
17308.6
11773.6
4974.08



ICO information: 
Learning rate: 0.01


Predict: 
-3.13924
-3.25581
-2.66846
-3.25481
-2.54426
-3.00815
-2.59521
-3.44566
-2.30258
-3.15524
-1.84761
-2.97828
-1.42945
-2.69791
-0.465414
3.37903
1.74701
3.83426


Reflex: 
0.204148
-0.22429
0.390583
-0.191181
0.322161
-0.109626
0.697728
-0.216927
0.793154
-0.164989
1.20685
0.0486552
1.891
0.521649
2.62114
0.202847
1.48173
-0.312009


Prediction weight: 
-0.0064087
0.00754043
-0.00886718
0.0100681
-0.00299262
0.00999614
-0.0109564
0.0205595
-0.0026984
0.0275333
0.00218714
0.0366814
0.0103458
0.0472898
0.0375185
-0.0441964
-0.0218543
-0.0906308


ICO output: 
0.224267
-0.24884
0.414244
-0.223951
0.329775
-0.139696
0.726162
-0.287768
0.799368
-0.251863
1.20281
-0.0605922
1.87621
0.394065
2.60368
0.0535058
1.44355
-0.659511
