MaxSpeed: 255
MinSpeed: 200
Actual speed: 200
turn_tic: 685


Theta (what is sent that the robot should turn): 
-3.08958
-2.9757
-2.81345
-2.64003
-2.46313
-2.22761
-2.01489
-1.52313
-0.438679
0.844782
2.24668
3.94249
3.78789
4.35478
6.05284
8.20887
9.85285
10.4127


Radians turned (how much the robot actually turned): 
3.13701
3.24708
2.75176
2.98566
2.56831
2.67379
2.3711
2.61417
1.10529
2.83431
2.97649
3.61856
3.60481
3.85246
5.02196
5.98508
5.76035
6.87023


Distance from point x to home: 
392.877
1117.34
2186.73
3613.03
5170.77
6715.37
7956.9
8750.66
8631.39
7169.35
4088.17
371.699
4930.43
8171.73
8425.47
4942.91
1374.4
7046.21



ICO information: 
Learning rate: 0.01


Predict: 
-3.08958
-3.19847
-2.69443
-2.93559
-2.51331
-2.62433
-2.33308
-2.58666
-1.0564
2.86184
3.01967
3.6385
3.63854
3.89377
5.05319
6.02679
5.79137
6.90261


Reflex: 
0.203363
-0.107331
0.277469
0.0500664
0.376036
0.301707
1.01031
0.587035
1.98888
0.935589
-0.0431832
0.140587
-0.134632
-0.582485
-1.42545
-2.69716
-2.32415
-2.51813


Prediction weight: 
-0.00628305
0.00365441
-0.00671376
-3.81493e-05
-0.00823078
-0.00628013
-0.0228124
-0.0118637
-0.0266728
-0.0568163
-0.086372
-0.0796855
-0.0896995
-0.107138
-0.149734
-0.226377
-0.204775
-0.218165


ICO output: 
0.222775
-0.119019
0.295558
0.0501784
0.396722
0.318188
1.06353
0.617722
2.01706
0.77299
-0.303998
-0.149348
-0.461007
-0.999655
-2.18208
-4.06148
-3.51008
-4.02404
