MaxSpeed: 255
MinSpeed: 200
Actual speed: 200
turn_tic: 685


Theta (what is sent that the robot should turn): 
-3.06578
-2.94999
-2.7939
-2.56984
-2.31153
-2.02279
-1.73091
-0.620617
0.713787
2.1867
4.60491
3.94283
4.23253
5.75936
7.93623
10.9011
10.2865
11.3752


Radians turned (how much the robot actually turned): 
3.10949
3.07738
2.91687
2.83431
2.56831
2.32065
2.26103
1.73361
2.26562
3.34797
3.97629
3.25625
3.71029
4.9761
5.82456
6.81519
5.36135
7.815


Distance from point x to home: 
482.453
1432.48
2654.85
4237.87
5872.9
7299.89
8100.54
8189.2
7166.25
4556.42
1351.8
3930.79
7027.72
8191.42
6082.52
1554.6
5193.71
8162.41



ICO information: 
Learning rate: 0.01


Predict: 
-3.06578
-3.01788
-2.85891
-2.79661
-2.51608
-2.31437
-2.21414
-1.69373
2.28597
3.38164
4.01069
3.30639
3.74422
5.02086
5.86262
6.86057
5.40435
7.84838


Reflex: 
0.0620554
0.0595051
0.2093
0.189054
0.272369
0.455731
1.01918
1.51666
1.28214
-0.285911
-0.272888
-0.196897
-0.382486
-1.35184
-2.72561
-3.1457
-2.382
-4.03719


Prediction weight: 
-0.00190248
-0.00182552
-0.00610802
-0.00554181
-0.0076381
-0.0118818
-0.0243573
-0.0327833
-0.0381444
-0.0911702
-0.0906479
-0.0881354
-0.0950842
-0.143754
-0.224293
-0.253113
-0.21184
-0.341746


ICO output: 
0.067888
0.0650143
0.226762
0.204552
0.291587
0.48323
1.07311
1.57219
1.19494
-0.594216
-0.636449
-0.488307
-0.738502
-2.07361
-4.04055
-4.8822
-3.52685
-6.71934
