MaxSpeed: 255
MinSpeed: 200
Actual speed: 200
turn_tic: 685


Theta (what is sent that the robot should turn): 
-3.1175
-3.04178
-2.99826
-2.92513
-2.82262
-2.65446
-2.6148
-2.51953
-2.38838
-2.26199
-2.09475
-1.9472
-1.75528
-1.10277
-0.259504
0.661263
1.64304
2.3767


Radians turned (how much the robot actually turned): 
3.15077
3.26084
2.79762
3.28835
2.56372
3.09573
2.35734
3.55436
1.87578
3.61398
1.28874
3.62315
0.596215
9.63116
12.4104
13.8551
6.81978
5.09993


Distance from point x to home: 
410.474
1221.79
2387.6
3880.56
5654.91
7707.32
9804.04
12155.6
14504.4
16818.8
19006.3
20750.1
22002.3
22369.1
21467.9
18417.2
13096.5
6680.93



ICO information: 
Learning rate: 0.01


Predict: 
-3.1175
-3.2242
-2.7546
-3.24933
-2.52228
-3.04783
-2.35622
-3.51811
-1.84049
-3.56785
-1.24761
-3.57785
-0.55094
-9.98544
12.4544
13.8772
6.85715
5.13392


Reflex: 
0.166267
-0.220197
0.304438
-0.263674
0.380828
-0.218099
0.964239
-0.426967
1.31027
-0.595947
1.68302
-0.743537
8.92429
-1.53295
-1.21809
-4.5166
-2.83958
-2.05653


Prediction weight: 
-0.00518338
0.00727702
-0.0071746
0.0112852
-0.00497088
0.0132833
-0.0145751
0.0343691
0.0023953
0.0704062
0.0419737
0.128792
0.0755281
1.11973
1.15894
0.701203
0.816199
0.8564


ICO output: 
0.182427
-0.24366
0.324201
-0.300343
0.393366
-0.258584
0.998581
-0.547881
1.30586
-0.847146
1.63065
-1.20434
8.88268
-12.7139
13.2159
5.21412
2.75722
2.34016
